5.000000000000000000e-01
2.142857142857142738e-01
9.333333333333333481e-01
5.833333333333333703e-01
7.619047619047618625e-01
7.619047619047618625e-01
7.333333333333332815e-01
7.619047619047618625e-01
7.619047619047618625e-01
1.000000000000000000e+00
3.589743589743589758e-01
5.714285714285713969e-01
1.000000000000000000e+00
5.000000000000000000e-01
0.000000000000000000e+00
0.000000000000000000e+00
4.642857142857143016e-01
5.606060606060605522e-01
8.333333333333333703e-01
5.999999999999999778e-01
8.000000000000000444e-01
4.000000000000000222e-01
5.555555555555555802e-01
8.571428571428570953e-01
7.333333333333332815e-01
6.666666666666666297e-01
1.000000000000000000e+00
9.000000000000000222e-01
3.897058823529411797e-01
3.986928104575163667e-01
5.999999999999999778e-01
3.928571428571428492e-01
5.333333333333333259e-01
4.181818181818181546e-01
1.000000000000000000e+00
1.000000000000000000e+00
1.000000000000000000e+00
7.142857142857143016e-01
8.666666666666666963e-01
1.000000000000000000e+00
4.166666666666666852e-01
4.615384615384615641e-01
6.190476190476190688e-01
8.000000000000000444e-01
5.238095238095238360e-01
4.888888888888888729e-01
5.164835164835165360e-01
3.970588235294117418e-01
5.999999999999999778e-01
6.999999999999999556e-01
1.000000000000000000e+00
1.000000000000000000e+00
0.000000000000000000e+00
1.000000000000000000e+00
6.666666666666666297e-01
6.444444444444444864e-01
4.666666666666666741e-01
6.666666666666666297e-01
0.000000000000000000e+00
0.000000000000000000e+00
0.000000000000000000e+00
0.000000000000000000e+00
4.000000000000000222e-01
3.333333333333333148e-01
0.000000000000000000e+00
1.000000000000000000e+00
0.000000000000000000e+00
0.000000000000000000e+00
0.000000000000000000e+00
0.000000000000000000e+00
4.666666666666666741e-01
3.809523809523809312e-01
6.666666666666666297e-01
6.666666666666666297e-01
4.500000000000000111e-01
7.777777777777777901e-01
1.000000000000000000e+00
5.714285714285713969e-01
5.000000000000000000e-01
6.190476190476190688e-01
5.833333333333333703e-01
4.285714285714285476e-01
5.714285714285713969e-01
4.666666666666666741e-01
4.444444444444444198e-01
0.000000000000000000e+00
5.000000000000000000e-01
0.000000000000000000e+00
0.000000000000000000e+00
0.000000000000000000e+00
5.909090909090909394e-01
7.857142857142856984e-01
7.619047619047618625e-01
6.153846153846154188e-01
4.761904761904761640e-01
7.619047619047618625e-01
6.282051282051281937e-01
6.666666666666666297e-01
4.619047619047619291e-01
6.666666666666666297e-01
7.619047619047618625e-01
4.967320261437908613e-01
6.545454545454545414e-01
5.238095238095238360e-01
5.897435897435897578e-01
5.909090909090909394e-01
0.000000000000000000e+00
0.000000000000000000e+00
0.000000000000000000e+00
0.000000000000000000e+00
3.333333333333333148e-01
6.909090909090909172e-01
7.121212121212121549e-01
6.083333333333332815e-01
5.934065934065934078e-01
8.000000000000000444e-01
